-5.396044943591524756e+00 -7.131233761745711108e-01 -2.492519200602011153e+00 2.866166592354745912e+00 -2.185361030344092903e+00 -3.804334881966942583e-01 3.284841011476266281e+00 2.749072235856099056e+00 5.578330540886397015e-01 -6.464471115243047850e-01 1.454020362607519434e+00 2.557885144031735170e-01 -4.759108585618622156e-01 -4.099808188438667678e+00 1.066138797964022444e+00 2.308966136664404034e-01 -3.088386459533158934e+00 3.973249681483300488e+00 1.498746378128620105e+00 -2.203903943171208635e+00 -3.365276081385431439e+00
-2.677902122865119416e+00 -3.103850424540278485e+00 1.446134664336732545e+00 -3.821068229898446855e+00 7.932441344136373917e-01 2.195312485891557502e-02 -2.431143194374009386e+00 -8.263558074507877382e-01 -3.129287365720232916e+00 2.345920014596019954e+00 -2.322115745905282580e+00 -2.413117868666993626e+00 1.005888971854395963e+00 3.721818711791333167e-01 -5.306626696148400990e-01 6.843154055137012914e-01 2.749670038937089611e+00 -1.010374155390372231e+00 -1.769342557191649457e+00 3.965189912443799258e+00 -3.122265436461265642e-01
-3.851752908911528994e+00 2.493967902343956045e+00 -2.900882072462901196e+00 1.350642170025256439e+00 3.308209129709897223e+00 1.019388979910517030e-02 7.408897395520305240e-01 -9.637645491284221322e-01 -1.077893579709924943e+00 -1.123791464324482181e+00 4.255453660212120681e+00 1.493874456317333954e-01 2.768058779061360219e+00 -5.278137819201577763e+00 -2.111075893875174359e+00 -1.988650481186600372e+00 1.295926041437338583e+00 -3.117957980805749596e+00 -2.053413608680558333e+00 6.927227755675444687e-01 -2.664089378510970718e+00
-1.040197876845925240e+00 -3.650361531269421533e-01 2.462800675466503553e-01 3.016292388621132581e+00 -1.977559975033278850e+00 -2.437758199531011805e+00 -9.462331131737877765e-01 -2.457068638233619762e+00 4.157254931188329117e+00 -3.789834294097990330e+00 -2.985574456008402322e+00 -3.105602584785029041e+00 -1.591781040644876910e+00 -4.309028951489874970e+00 -1.909297625221502981e-01 1.463449843033702402e+00 1.110560699353734249e-01 -1.068367186612021458e+00 -1.646210085195112915e+00 -6.632313689085476138e-01 2.422829366569688503e+00
-2.789837114207831537e+00 1.915861692169916128e-02 4.127682144221577865e+00 -2.723295003556268856e+00 -1.982166084856928689e+00 -3.808563715251713777e+00 4.655975295590866203e+00 -1.952454188245395850e+00 -3.777501336417647515e+00 -1.265553251917028055e+00 -3.292160440255469944e-01 2.879474199390206657e+00 -1.384380685669406086e+00 -2.879452082147974656e-01 1.775509700341943331e+00 -1.114895471520811698e+00 -1.925760163195591179e+00 -1.474230491414892652e-01 -4.694386465830817201e+00 -1.140253519201408050e+00 4.976169983042040557e-02
-4.949049387107856468e+00 -6.752778802971227678e-01 -1.851024143772857844e+00 1.490769619952789782e+00 1.770897925639696613e+00 2.291476280633705453e+00 -2.875058913284949558e+00 4.927106965864921584e+00 9.133965449887865296e-01 2.831988529305183633e+00 -2.788971228767394450e+00 2.173466466779526041e+00 -2.204686095890845632e+00 -6.707673326742057407e-01 2.684431816145864680e+00 -2.980736587543353355e+00 -1.203815870417888956e+00 -5.607587335805938267e+00 -1.024627022511525931e+00 -2.421999642412620002e+00 1.191590658881507947e+00
-4.106791740999184093e+00 1.254257438287619930e+00 3.093813263183092133e+00 -1.769243418209250240e+00 8.790905427655499871e-01 3.756663677424619596e+00 -2.556991544167855679e+00 -8.032916358200117291e-01 -2.084256052721456864e+00 -3.136786237125821497e-01 1.108875857952207111e+00 -3.851166118520400250e+00 -3.022285817226530558e+00 1.095278820510778628e+00 1.076172784721988851e+00 -2.800074524936207343e+00 -2.813707522385002324e+00 3.187233164951117637e+00 -6.456308229753681127e-01 -2.976297915499251712e+00 -1.524546225150483547e+00
-1.705645204229776724e+00 -2.321585881103449989e+00 -1.593489739166376928e+00 -2.718094328880038546e+00 -4.164097579272518779e+00 -3.394830947332430959e+00 -2.060829271724138767e+00 -2.005857593469853595e-01 3.644163297134514590e+00 -5.068267216708995937e-01 2.411623133573149058e+00 4.344381913903890835e-01 -2.442778718589067477e+00 1.893243235238980970e+00 -1.542035188432130166e+00 -2.999055622357304607e+00 3.656856358709994037e+00 -9.767682611109139712e-01 -9.339039914601562353e-01 -2.316227311053224547e+00 -2.539444279856122755e+00
-1.729949320681332114e+00 1.494173644546294977e+00 1.096259915709471011e+00 5.276788525414079167e+00 -2.740038634232047077e+00 -1.495614911209002251e+00 -1.496147922402464969e+00 -2.113543243897922697e+00 -2.495599853798436296e+00 -8.050688137634556263e-01 -3.511550167452913929e+00 -2.384219560361092505e+00 2.804268498670136278e+00 2.859976022075263469e+00 -1.648803404159873587e+00 -2.967071531288262953e+00 -3.966021724801334525e+00 -1.306745028244205464e+00 1.284060875001054314e-01 -1.469467664917197824e+00 -3.565803651879707381e+00
-8.152086017536556151e-01 -5.983068392290112891e-01 -3.902037199870133755e+00 -8.373516826836816529e-01 3.661778282684881591e-01 -1.466490464657154158e+00 1.661562716374761009e-02 -1.260171220525192481e+00 -4.289302841227833341e+00 -8.636352698246638759e-01 -2.529871444451707418e+00 2.407852687151745830e+00 -2.440628474773217871e+00 4.694733350246221293e-01 -2.948038710053149547e+00 3.241781451161668048e+00 -4.506161506795718807e+00 -3.371029608171874914e-01 4.433926397409714504e+00 -1.426219915094303792e+00 4.554021637927352373e-01
